#	Name	Position	ObsHET	PredHET	HWpval	%Geno	FamTrio	MendErr	MAF	Alleles	Rating	
1	rs60923425	41492530	0.005	0.005	1.0	100.0	0	0	0.002	G:A	
2	rs7257854	41492677	0.453	0.447	0.9132	100.0	0	0	0.338	T:C	
3	rs35659050	41493603	0.374	0.361	0.5903	100.0	0	0	0.236	A:G	
4	rs150536111	41493721	0.02	0.02	1.0	100.0	0	0	0.01	C:G	
5	rs139456117	41493931	0.022	0.022	1.0	100.0	0	0	0.011	G:A	
6	rs114836937	41493984	0.022	0.022	1.0	100.0	0	0	0.011	A:T	
7	rs79436912	41494151	0.181	0.168	0.2353	100.0	0	0	0.093	A:G	
8	rs149080647	41494747	0.022	0.022	1.0	100.0	0	0	0.011	G:A	
9	rs7254579	41494891	0.446	0.438	0.8472	100.0	0	0	0.324	T:C	
10	rs1962261	41495239	0.002	0.002	1.0	100.0	0	0	0.001	C:T	
11	rs3760657	41495433	0.156	0.164	0.4307	100.0	0	0	0.09	A:G	
12	rs12721652	41495633	0.007	0.007	1.0	100.0	0	0	0.004	C:T	
13	rs2054675	41495755	0.361	0.382	0.3189	100.0	0	0	0.257	T:C	
14	rs12721648	41495987	0.002	0.002	1.0	100.0	0	0	0.001	A:G	
15	rs4802100	41496025	0.156	0.164	0.4307	100.0	0	0	0.09	C:G	
16	rs147862019	41496410	0.017	0.017	1.0	100.0	0	0	0.009	G:T	
17	rs12721653	41496454	0.002	0.002	1.0	100.0	0	0	0.001	C:T	
18	rs4802101	41496461	0.517	0.482	0.1755	100.0	0	0	0.405	C:T	
19	rs559553896	41496620	0.027	0.027	1.0	100.0	0	0	0.014	A:G	
20	rs34223104	41497129	0.022	0.022	1.0	100.0	0	0	0.011	T:C	
21	rs34883432	41497272	0.017	0.017	1.0	100.0	0	0	0.009	A:T	
22	rs8192709	41497274	0.121	0.118	1.0	100.0	0	0	0.063	C:T	
23	rs35303484	41497346	0.01	0.01	1.0	100.0	0	0	0.005	A:G	
24	rs28739581	41497575	0.005	0.005	1.0	100.0	0	0	0.002	T:A	
25	rs116548898	41497601	0.022	0.022	1.0	100.0	0	0	0.011	G:A	
26	rs1872122	41497997	0.443	0.439	0.9688	100.0	0	0	0.325	C:T	
27	rs2099361	41498348	0.443	0.451	0.7999	100.0	0	0	0.343	A:C	
28	rs35149696	41498493	0.02	0.02	1.0	100.0	0	0	0.01	G:C	
29	rs35950631	41498591	0.005	0.005	1.0	100.0	0	0	0.002	A:C	
30	rs150651255	41498677	0.022	0.022	1.0	100.0	0	0	0.011	G:A	
31	rs117875279	41498715	0.022	0.022	1.0	100.0	0	0	0.011	G:A	
32	rs6508963	41498733	0.446	0.438	0.8472	100.0	0	0	0.324	T:C	
33	rs16974790	41498946	0.027	0.027	1.0	100.0	0	0	0.014	G:A	
34	rs73933721	41499028	0.005	0.005	1.0	100.0	0	0	0.002	G:A	
35	rs16974794	41499094	0.005	0.005	1.0	100.0	0	0	0.002	A:G	
36	rs73559241	41499193	0.005	0.005	1.0	100.0	0	0	0.002	A:G	
37	rs77654948	41499862	0.022	0.022	1.0	100.0	0	0	0.011	A:G	
38	rs2014141	41499989	0.515	0.482	0.2187	100.0	0	0	0.406	G:A	
39	rs16974703	41500049	0.022	0.022	1.0	100.0	0	0	0.011	A:G	
40	rs8192711	41500057	0.121	0.118	1.0	100.0	0	0	0.063	G:A	
41	rs115944946	41500177	0.022	0.022	1.0	100.0	0	0	0.011	T:C	
42	rs8100458	41500213	0.446	0.438	0.8472	100.0	0	0	0.324	T:C	
43	rs8192712	41500300	0.156	0.164	0.4307	100.0	0	0	0.09	T:C	
44	rs4803415	41500593	0.156	0.164	0.4307	100.0	0	0	0.09	C:T	
45	rs16974796	41500915	0.002	0.002	1.0	100.0	0	0	0.001	A:C	
46	rs117398851	41501121	0.03	0.029	1.0	100.0	0	0	0.015	G:A	
47	rs143276579	41501256	0.02	0.02	1.0	100.0	0	0	0.01	C:A	
48	rs59243457	41501303	0.366	0.392	0.2306	100.0	0	0	0.267	C:T	
49	rs60618718	41501540	0.005	0.005	1.0	100.0	0	0	0.002	G:T	
50	rs1872123	41501659	0.369	0.391	0.3084	100.0	0	0	0.266	G:T	
51	rs1872124	41501660	0.361	0.38	0.3804	100.0	0	0	0.255	A:T	
52	rs1872125	41501716	0.359	0.381	0.2866	100.0	0	0	0.256	T:C	
53	rs147449932	41502062	0.02	0.02	1.0	100.0	0	0	0.01	T:C	
54	rs8101756	41502522	0.364	0.391	0.2045	100.0	0	0	0.266	T:C	
55	rs145504530	41502591	0.02	0.02	1.0	100.0	0	0	0.01	T:C	
56	rs6508964	41502602	0.515	0.482	0.2187	100.0	0	0	0.406	A:G	
57	rs8104022	41502834	0.359	0.381	0.2866	100.0	0	0	0.256	C:A	
58	rs10409285	41502970	0.364	0.391	0.2045	100.0	0	0	0.266	C:T	
59	rs4803416	41503022	0.515	0.482	0.2187	100.0	0	0	0.406	T:C	
60	rs4802103	41503245	0.446	0.44	0.9102	100.0	0	0	0.327	C:T	
61	rs62109048	41503257	0.359	0.381	0.2866	100.0	0	0	0.256	T:C	
62	rs116960502	41503270	0.017	0.017	1.0	100.0	0	0	0.009	A:G	
63	rs7251624	41503447	0.366	0.392	0.2306	100.0	0	0	0.267	T:A	
64	rs7250745	41503460	0.364	0.391	0.2045	100.0	0	0	0.266	C:T	
65	rs7250873	41503622	0.366	0.392	0.2306	100.0	0	0	0.267	A:G	
66	rs7250991	41503708	0.366	0.392	0.2306	100.0	0	0	0.267	A:C	
67	rs16974799	41504077	0.364	0.391	0.2045	100.0	0	0	0.266	C:T	
68	rs79472458	41504171	0.059	0.067	0.1502	100.0	0	0	0.035	A:G	
69	rs62109049	41504249	0.364	0.391	0.2045	100.0	0	0	0.266	T:C	
70	rs57843722	41504394	0.005	0.005	1.0	100.0	0	0	0.002	C:T	
71	rs11880631	41505467	0.005	0.005	1.0	100.0	0	0	0.002	G:A	
72	rs34801721	41505526	0.121	0.118	1.0	100.0	0	0	0.063	A:T	
73	rs139309628	41505621	0.03	0.029	1.0	100.0	0	0	0.015	T:A	
74	rs2873265	41505653	0.446	0.438	0.8472	100.0	0	0	0.324	G:A	
75	rs2873264	41505708	0.446	0.438	0.8472	100.0	0	0	0.324	C:T	
76	rs74833194	41505900	0.042	0.041	1.0	100.0	0	0	0.021	T:A	
77	rs3786547	41506191	0.359	0.381	0.2866	100.0	0	0	0.256	T:C	
78	rs2200237	41506665	0.366	0.392	0.2306	100.0	0	0	0.267	T:C	
79	rs118105452	41506734	0.042	0.041	1.0	100.0	0	0	0.021	G:A	
80	rs11881991	41506964	0.369	0.393	0.259	100.0	0	0	0.269	A:G	
81	rs111994957	41507005	0.02	0.02	1.0	100.0	0	0	0.01	G:A	
82	rs145964215	41507057	0.025	0.024	1.0	100.0	0	0	0.012	C:T	
83	rs34353716	41507506	0.045	0.048	0.4283	100.0	0	0	0.025	G:A	
84	rs4803417	41508020	0.52	0.481	0.1389	100.0	0	0	0.403	A:C	
85	rs10500282	41508442	0.379	0.4	0.3396	100.0	0	0	0.276	T:C	
86	rs11672911	41508744	0.423	0.423	1.0	100.0	0	0	0.303	G:A	
87	rs1987236	41509033	0.527	0.486	0.1165	100.0	0	0	0.417	A:G	
88	rs35490259	41509172	0.005	0.005	1.0	100.0	0	0	0.002	T:C	
89	rs151303627	41509205	0.012	0.017	0.0517	100.0	0	0	0.009	A:G	
90	rs10403955	41509438	0.381	0.399	0.4361	100.0	0	0	0.275	T:G	
91	rs138264188	41509934	0.005	0.005	1.0	100.0	0	0	0.002	C:T	
92	rs2279341	41509950	0.116	0.114	1.0	100.0	0	0	0.061	G:C	
93	rs2279342	41510127	0.173	0.178	0.703	100.0	0	0	0.099	A:T	
94	rs12721655	41510282	0.002	0.002	1.0	100.0	0	0	0.001	A:G	
95	rs35773040	41510286	0.0	0.0	1.0	100.0	0	0	0.0	G:G	BAD
96	rs33912321	41510636	0.27	0.275	0.8013	100.0	0	0	0.165	G:A	
97	rs1872121	41510662	0.002	0.002	1.0	100.0	0	0	0.001	G:A	
98	rs115994486	41511306	0.02	0.02	1.0	100.0	0	0	0.01	G:A	
99	rs55884100	41511406	0.005	0.005	1.0	100.0	0	0	0.002	G:A	
100	rs141553083	41511407	0.005	0.005	1.0	100.0	0	0	0.002	T:C	
101	rs60766920	41511412	0.005	0.005	1.0	100.0	0	0	0.002	T:C	
102	rs138409398	41511421	0.02	0.02	1.0	100.0	0	0	0.01	C:T	
103	rs142985643	41511451	0.02	0.02	1.0	100.0	0	0	0.01	T:C	
104	rs10417572	41511461	0.005	0.005	1.0	100.0	0	0	0.002	G:A	
105	rs144654117	41511667	0.02	0.02	1.0	100.0	0	0	0.01	T:C	
106	rs4803418	41511803	0.433	0.424	0.7922	100.0	0	0	0.306	C:G	
107	rs12985017	41512377	0.116	0.114	1.0	100.0	0	0	0.061	T:C	
108	rs12985269	41512415	0.116	0.114	1.0	100.0	0	0	0.061	T:C	
109	rs28399486	41512500	0.025	0.024	1.0	100.0	0	0	0.012	T:G	
110	rs4803419	41512792	0.436	0.425	0.7378	100.0	0	0	0.307	C:T	
111	rs3745274	41512841	0.366	0.38	0.536	100.0	0	0	0.255	G:T	
112	rs58871670	41512872	0.007	0.007	1.0	100.0	0	0	0.004	G:A	
113	rs78313984	41513385	0.366	0.38	0.536	100.0	0	0	0.255	C:T	
114	rs75446511	41513445	0.366	0.38	0.536	100.0	0	0	0.255	C:G	
115	rs7257042	41513613	0.473	0.464	0.7926	100.0	0	0	0.365	C:T	
116	rs111688353	41513886	0.025	0.024	1.0	100.0	0	0	0.012	A:G	
117	rs7260538	41514040	0.517	0.489	0.3059	100.0	0	0	0.427	G:T	
118	rs191267868	41514066	0.02	0.02	1.0	100.0	0	0	0.01	A:G	
119	rs10401737	41514423	0.337	0.362	0.1913	100.0	0	0	0.238	T:C	
120	rs35554011	41514439	0.002	0.002	1.0	100.0	0	0	0.001	G:A	
121	rs28399492	41514732	0.002	0.002	1.0	100.0	0	0	0.001	A:T	
122	rs181108567	41514880	0.002	0.002	1.0	100.0	0	0	0.001	G:A	
123	rs58425034	41514965	0.002	0.002	1.0	100.0	0	0	0.001	G:C	
124	rs12721646	41515107	0.002	0.002	1.0	100.0	0	0	0.001	C:T	
125	rs12721645	41515210	0.012	0.012	1.0	100.0	0	0	0.006	C:T	
126	rs2279344	41515483	0.47	0.463	0.8533	100.0	0	0	0.364	A:G	
127	rs79478319	41515649	0.02	0.02	1.0	100.0	0	0	0.01	G:T	
128	rs2279345	41515702	0.475	0.464	0.733	100.0	0	0	0.366	C:T	
129	rs8192718	41515814	0.027	0.027	1.0	100.0	0	0	0.014	G:A	
130	rs12721649	41515837	0.002	0.002	1.0	100.0	0	0	0.001	G:A	
131	rs34277950	41515943	0.002	0.002	1.0	100.0	0	0	0.001	C:G	
132	rs373559488	41515998	0.002	0.002	1.0	100.0	0	0	0.001	C:T	
133	rs35468935	41516009	0.005	0.005	1.0	100.0	0	0	0.002	C:T	
134	rs2306606	41516182	0.376	0.387	0.6405	100.0	0	0	0.262	C:T	
135	rs60549239	41516307	0.007	0.007	1.0	100.0	0	0	0.004	T:G	
136	rs34906003	41516349	0.376	0.387	0.6405	100.0	0	0	0.262	C:T	
137	rs34842746	41516446	0.02	0.02	1.0	100.0	0	0	0.01	G:T	
138	rs11882424	41516722	0.109	0.107	1.0	100.0	0	0	0.057	T:C	
139	rs144057168	41517349	0.015	0.015	1.0	100.0	0	0	0.007	A:G	
140	rs35679971	41517473	0.109	0.107	1.0	100.0	0	0	0.057	A:C	
141	rs6508965	41517688	0.478	0.465	0.6749	100.0	0	0	0.368	C:T	
142	rs35323827	41517857	0.111	0.11	1.0	100.0	0	0	0.058	A:T	
143	rs6508966	41518007	0.478	0.465	0.6749	100.0	0	0	0.368	C:G	
144	rs7246456	41518078	0.376	0.387	0.6405	100.0	0	0	0.262	C:T	
145	rs187378204	41518204	0.0	0.0	1.0	100.0	0	0	0.0	G:G	BAD
146	rs12721656	41518413	0.032	0.032	1.0	100.0	0	0	0.016	A:G	
147	rs35449271	41518573	0.012	0.012	1.0	100.0	0	0	0.006	C:T	
148	rs35979566	41518598	0.012	0.012	1.0	100.0	0	0	0.006	T:A	
149	rs8192719	41518773	0.376	0.387	0.6405	100.0	0	0	0.262	C:T	
150	rs34116594	41518873	0.01	0.01	1.0	100.0	0	0	0.005	A:G	
151	rs34677607	41518897	0.007	0.007	1.0	100.0	0	0	0.004	T:G	
152	rs36118214	41519306	0.002	0.002	1.0	100.0	0	0	0.001	G:A	
153	rs33967301	41519568	0.109	0.107	1.0	100.0	0	0	0.057	T:C	
154	rs11671243	41519715	0.478	0.465	0.6749	100.0	0	0	0.368	C:A	
155	rs35506180	41519939	0.02	0.02	1.0	100.0	0	0	0.01	A:G	
156	rs11882450	41520142	0.109	0.107	1.0	100.0	0	0	0.057	A:G	
157	rs7255561	41520297	0.376	0.387	0.6405	100.0	0	0	0.262	G:C	
158	rs7255374	41520351	0.416	0.435	0.4324	100.0	0	0	0.319	C:T	
159	rs145533669	41520684	0.025	0.024	1.0	100.0	0	0	0.012	A:T	
160	rs11673270	41520844	0.381	0.389	0.7412	100.0	0	0	0.265	A:C	
161	rs35295514	41521133	0.109	0.107	1.0	100.0	0	0	0.057	C:T	
162	rs4802104	41521527	0.426	0.422	0.9605	100.0	0	0	0.302	A:G	
163	rs7259965	41521532	0.376	0.387	0.6405	100.0	0	0	0.262	C:T	
164	rs7260329	41521638	0.436	0.429	0.8772	100.0	0	0	0.312	G:A	
165	rs10853744	41521939	0.374	0.397	0.2732	100.0	0	0	0.274	G:T	
166	rs8109848	41522069	0.423	0.421	1.0	100.0	0	0	0.301	G:C	
167	rs71337576	41522338	0.483	0.465	0.526	100.0	0	0	0.368	G:A	
168	rs140868874	41522382	0.035	0.034	1.0	100.0	0	0	0.017	G:T	
169	rs2291287	41522451	0.109	0.107	1.0	100.0	0	0	0.057	A:G	
170	rs3211371	41522715	0.193	0.186	0.6963	100.0	0	0	0.104	C:T	
171	rs28399501	41522758	0.0	0.0	1.0	100.0	0	0	0.0	G:G	BAD
172	rs3181842	41523016	0.48	0.467	0.6593	100.0	0	0	0.371	T:C	
173	rs28969414	41523076	0.067	0.074	0.2169	100.0	0	0	0.038	T:A	
174	rs28969415	41523077	0.067	0.074	0.2169	100.0	0	0	0.038	A:G	
175	rs35764087	41523105	0.017	0.022	0.0881	100.0	0	0	0.011	G:A	
176	rs185153760	41523154	0.002	0.002	1.0	100.0	0	0	0.001	G:A	
177	rs7260525	41523254	0.262	0.263	1.0	100.0	0	0	0.156	A:G	
178	rs7246465	41523303	0.48	0.466	0.6187	100.0	0	0	0.369	C:T	
179	rs4803420	41523560	0.168	0.174	0.6197	100.0	0	0	0.097	G:T	
180	rs28969420	41523804	0.114	0.112	1.0	100.0	0	0	0.059	G:T	
181	rs1038376	41524009	0.416	0.422	0.8521	100.0	0	0	0.302	A:T	
182	rs707265	41524087	0.475	0.469	0.9054	100.0	0	0	0.376	G:A	
183	rs1042389	41524153	0.342	0.338	0.9775	100.0	0	0	0.215	T:C	
184	rs56777936	41525369	0.166	0.172	0.5795	100.0	0	0	0.095	C:G	
185	rs1552219	41525374	0.473	0.469	0.9687	100.0	0	0	0.375	G:A	
186	rs58312733	41525407	0.161	0.168	0.5025	100.0	0	0	0.093	C:T	
187	rs61073883	41525410	0.161	0.168	0.5025	100.0	0	0	0.093	C:T	
188	rs36002231	41525440	0.111	0.11	1.0	100.0	0	0	0.058	T:C	
189	rs34299754	41525443	0.111	0.11	1.0	100.0	0	0	0.058	T:G	
190	rs1552220	41525655	0.379	0.386	0.7801	100.0	0	0	0.261	G:A	
191	rs1552221	41525657	0.379	0.386	0.7801	100.0	0	0	0.261	T:C	
192	rs1552222	41525904	0.26	0.262	1.0	100.0	0	0	0.155	T:A	
193	rs1552223	41525952	0.473	0.469	0.9687	100.0	0	0	0.375	A:G	
194	rs145914604	41526007	0.015	0.024	0.0019	100.0	0	0	0.012	G:A	
195	rs35131519	41526144	0.485	0.48	0.9449	100.0	0	0	0.401	T:C	
196	rs77484259	41526238	0.166	0.172	0.5795	100.0	0	0	0.095	C:G	
197	rs10423004	41526239	0.485	0.48	0.9449	100.0	0	0	0.401	A:G	
198	rs73559297	41526433	0.111	0.11	1.0	100.0	0	0	0.058	C:T	
199	rs58380651	41526659	0.163	0.17	0.5404	100.0	0	0	0.094	A:G	
200	rs2086785	41527085	0.473	0.469	0.9687	100.0	0	0	0.375	C:T	
201	rs2200238	41527265	0.473	0.469	0.9687	100.0	0	0	0.375	A:G	
202	rs73039224	41527275	0.037	0.036	1.0	100.0	0	0	0.019	A:G	
203	rs148422410	41527637	0.017	0.022	0.0881	100.0	0	0	0.011	T:C	
204	rs35246205	41527798	0.111	0.11	1.0	100.0	0	0	0.058	C:T	
205	rs140829872	41527829	0.012	0.012	1.0	100.0	0	0	0.006	G:A	
206	rs146647413	41527985	0.017	0.022	0.0881	100.0	0	0	0.011	C:T	
207	rs141436560	41527992	0.02	0.024	0.1096	100.0	0	0	0.012	C:T	
208	rs732738	41528206	0.485	0.479	0.9117	100.0	0	0	0.399	G:A	
209	rs2113103	41528667	0.262	0.267	0.8503	100.0	0	0	0.158	G:A	
210	rs71358957	41528800	0.109	0.107	1.0	100.0	0	0	0.057	C:T	
211	rs7255904	41529020	0.483	0.496	0.6474	100.0	0	0	0.454	G:A	
212	rs114823101	41529138	0.017	0.022	0.0881	100.0	0	0	0.011	T:C	
