#	Name	Position	ObsHET	PredHET	HWpval	%Geno	FamTrio	MendErr	MAF	Alleles	Rating	
1	rs12536946	99349871	0.168	0.17	0.9612	100.0	0	0	0.094	A:C	
2	rs117877001	99349915	0.035	0.034	1.0	100.0	0	0	0.017	T:C	
3	rs72494458	99350302	0.005	0.005	1.0	100.0	0	0	0.002	C:T	
4	rs117485500	99350595	0.025	0.024	1.0	100.0	0	0	0.012	A:G	
5	rs28878860	99352020	0.176	0.176	1.0	100.0	0	0	0.098	A:G	
6	rs185134547	99352096	0.042	0.041	1.0	100.0	0	0	0.021	A:G	
7	rs60153739	99352123	0.166	0.168	0.9169	100.0	0	0	0.093	G:A	
8	rs59522960	99352260	0.042	0.041	1.0	100.0	0	0	0.021	A:T	
9	rs35042392	99352648	0.124	0.129	0.5915	100.0	0	0	0.069	T:C	
10	rs150708874	99352666	0.027	0.027	1.0	100.0	0	0	0.014	G:A	
11	rs139096361	99352741	0.012	0.012	1.0	100.0	0	0	0.006	A:G	
12	rs3991809	99352766	0.176	0.176	1.0	100.0	0	0	0.098	G:T	
13	rs2404955	99353279	0.178	0.178	1.0	100.0	0	0	0.099	G:A	
14	rs59836234	99353549	0.129	0.133	0.6728	100.0	0	0	0.072	C:G	
15	rs12333983	99354114	0.176	0.176	1.0	100.0	0	0	0.098	T:A	
16	rs28371763	99354808	0.042	0.041	1.0	100.0	0	0	0.021	T:A	
17	rs28988604	99355073	0.045	0.044	1.0	100.0	0	0	0.022	G:A	
18	rs3735451	99355975	0.178	0.178	1.0	100.0	0	0	0.099	T:C	
19	rs28988602	99356188	0.042	0.041	1.0	100.0	0	0	0.021	T:G	
20	rs28988601	99356437	0.042	0.041	1.0	100.0	0	0	0.021	A:C	
21	rs28988600	99356600	0.042	0.041	1.0	100.0	0	0	0.021	C:A	
22	rs187071828	99356828	0.002	0.002	1.0	100.0	0	0	0.001	T:C	
23	rs4986910	99358524	0.012	0.012	1.0	100.0	0	0	0.006	A:G	
24	rs6956344	99359151	0.131	0.144	0.1638	100.0	0	0	0.078	C:T	
25	rs67784355	99359829	0.002	0.002	1.0	100.0	0	0	0.001	G:A	
26	rs12721617	99359911	0.005	0.005	1.0	100.0	0	0	0.002	T:G	
27	rs4646440	99360870	0.007	0.007	1.0	100.0	0	0	0.004	G:A	
28	rs2242480	99361466	0.146	0.152	0.5769	100.0	0	0	0.083	C:T	
29	rs10267228	99363813	0.01	0.01	1.0	100.0	0	0	0.005	G:C	
30	rs28371757	99364510	0.005	0.005	1.0	100.0	0	0	0.002	G:A	
31	rs4646437	99365083	0.156	0.168	0.2281	100.0	0	0	0.093	G:A	
32	rs2246709	99365719	0.374	0.4	0.2301	100.0	0	0	0.276	A:G	
33	rs2687116	99365943	0.057	0.055	1.0	100.0	0	0	0.028	A:C	
34	rs55808838	99365969	0.0	0.0	1.0	100.0	0	0	0.0	C:C	BAD
35	rs55785340	99365983	0.0	0.0	1.0	100.0	0	0	0.0	A:A	BAD
36	rs35599367	99366316	0.097	0.096	1.0	100.0	0	0	0.051	G:A	
37	rs28988583	99366709	0.035	0.034	1.0	100.0	0	0	0.017	A:G	
38	rs12721623	99367339	0.022	0.022	1.0	100.0	0	0	0.011	A:C	
39	rs4986908	99367392	0.012	0.012	1.0	100.0	0	0	0.006	C:G	
40	rs4986907	99367427	0.002	0.002	1.0	100.0	0	0	0.001	C:T	
41	rs72552799	99367788	0.0	0.0	1.0	100.0	0	0	0.0	C:C	BAD
42	rs28988579	99368699	0.079	0.076	1.0	100.0	0	0	0.04	A:C	
43	rs74345875	99368771	0.032	0.032	1.0	100.0	0	0	0.016	A:G	
44	rs2738258	99370493	0.007	0.007	1.0	100.0	0	0	0.004	C:T	
45	rs2687110	99370751	0.007	0.007	1.0	100.0	0	0	0.004	T:A	
46	rs12670850	99371448	0.46	0.477	0.5251	100.0	0	0	0.394	A:G	
47	rs2687107	99372041	0.007	0.007	1.0	100.0	0	0	0.004	T:A	
48	rs2404767	99372557	0.007	0.007	1.0	100.0	0	0	0.004	A:G	
49	rs144203939	99373747	0.035	0.034	1.0	100.0	0	0	0.017	C:T	
50	rs148743981	99374263	0.032	0.032	1.0	100.0	0	0	0.016	A:G	
51	rs34642455	99374710	0.037	0.036	1.0	100.0	0	0	0.019	T:C	
52	rs56324128	99375702	0.002	0.002	1.0	100.0	0	0	0.001	C:T	
53	rs147020143	99378907	0.03	0.029	1.0	100.0	0	0	0.015	T:A	
54	rs145664747	99379269	0.04	0.039	1.0	100.0	0	0	0.02	T:C	
55	rs28988574	99380021	0.035	0.034	1.0	100.0	0	0	0.017	A:G	
56	rs6957392	99381463	0.01	0.01	1.0	100.0	0	0	0.005	C:T	
57	rs188389063	99381698	0.002	0.002	1.0	100.0	0	0	0.001	G:C	
58	rs12721636	99381766	0.005	0.005	1.0	100.0	0	0	0.002	G:T	
59	rs2740574	99382096	0.052	0.051	1.0	100.0	0	0	0.026	T:C	
60	rs11773597	99382451	0.131	0.131	1.0	100.0	0	0	0.071	G:C	
61	rs1851426	99382936	0.052	0.051	1.0	100.0	0	0	0.026	G:A	
62	rs2687103	99384968	0.007	0.007	1.0	100.0	0	0	0.004	T:C	
63	rs148306151	99385368	0.02	0.02	1.0	100.0	0	0	0.01	C:T	
64	rs2740570	99385957	0.007	0.007	1.0	100.0	0	0	0.004	A:C	
