#	Name	Position	ObsHET	PredHET	HWpval	%Geno	FamTrio	MendErr	MAF	Alleles	Rating	
1	rs147291782	75036594	0.02	0.02	1.0	100.0	0	0	0.01	C:T	
2	rs192675765	75037049	0.025	0.024	1.0	100.0	0	0	0.012	C:T	
3	rs547728303	75037109	0.017	0.017	1.0	100.0	0	0	0.009	T:G	
4	rs150899357	75037237	0.032	0.032	1.0	100.0	0	0	0.016	T:C	
5	rs61164848	75037612	0.126	0.127	1.0	100.0	0	0	0.068	A:C	
6	rs75144432	75037720	0.032	0.032	1.0	100.0	0	0	0.016	C:T	
7	rs2069512	75038190	0.007	0.007	1.0	100.0	0	0	0.004	G:A	
8	rs2069513	75038191	0.047	0.046	1.0	100.0	0	0	0.024	A:G	
9	rs2069514	75038220	0.032	0.032	1.0	100.0	0	0	0.016	G:A	
10	rs2069519	75038482	0.032	0.032	1.0	100.0	0	0	0.016	G:T	
11	rs2069520	75038486	0.069	0.072	0.8563	100.0	0	0	0.037	T:G	
12	rs2069521	75038967	0.032	0.032	1.0	100.0	0	0	0.016	G:A	
13	rs2069522	75039233	0.032	0.032	1.0	100.0	0	0	0.016	T:C	
14	rs140332080	75039922	0.015	0.015	1.0	100.0	0	0	0.007	C:G	
15	rs2069524	75040276	0.032	0.032	1.0	100.0	0	0	0.016	A:G	
16	rs2069525	75040372	0.032	0.032	1.0	100.0	0	0	0.016	T:C	
17	rs140904510	75040504	0.02	0.02	1.0	100.0	0	0	0.01	G:A	
18	rs2069526	75041341	0.032	0.032	1.0	100.0	0	0	0.016	T:G	
19	rs12720461	75041351	0.007	0.007	1.0	100.0	0	0	0.004	C:T	
20	rs190560674	75041522	0.012	0.012	1.0	100.0	0	0	0.006	C:T	
21	rs762551	75041917	0.413	0.437	0.3103	100.0	0	0	0.323	A:C	
22	rs45565238	75042296	0.002	0.002	1.0	100.0	0	0	0.001	G:A	
23	rs34067076	75042389	0.005	0.005	1.0	100.0	0	0	0.002	G:A	
24	rs369511887	75042638	0.002	0.002	1.0	100.0	0	0	0.001	G:A	
25	rs4646425	75043281	0.032	0.032	1.0	100.0	0	0	0.016	C:T	
26	rs34264399	75043431	0.022	0.022	1.0	100.0	0	0	0.011	G:A	
27	rs45468096	75043539	0.005	0.005	1.0	100.0	0	0	0.002	C:T	
28	rs28399419	75043669	0.017	0.017	1.0	100.0	0	0	0.009	C:T	
29	rs2472304	75044238	0.448	0.477	0.2565	100.0	0	0	0.392	A:G	
30	rs3743484	75044400	0.069	0.072	0.8563	100.0	0	0	0.037	G:C	
31	rs148157092	75044485	0.002	0.002	1.0	100.0	0	0	0.001	C:T	
32	rs72547516	75044578	0.002	0.002	1.0	100.0	0	0	0.001	A:G	
33	rs55711332	75045207	0.069	0.072	0.8563	100.0	0	0	0.037	G:C	
34	rs4646427	75045692	0.032	0.032	1.0	100.0	0	0	0.016	T:C	
35	rs12593808	75046677	0.101	0.101	1.0	100.0	0	0	0.053	G:T	
36	rs28399423	75047089	0.042	0.041	1.0	100.0	0	0	0.021	C:T	
37	rs145557631	75047161	0.002	0.002	1.0	100.0	0	0	0.001	G:T	
38	rs28399424	75047169	0.002	0.002	1.0	100.0	0	0	0.001	C:T	
39	rs45486893	75047191	0.0	0.0	1.0	100.0	0	0	0.0	C:C	BAD
40	rs2470890	75047426	0.446	0.478	0.1933	100.0	0	0	0.396	T:C	
41	rs11636419	75047600	0.101	0.101	1.0	100.0	0	0	0.053	A:G	
42	rs17861162	75048753	0.104	0.103	1.0	100.0	0	0	0.054	C:G	
43	rs2960192	75049943	0.443	0.476	0.1934	100.0	0	0	0.39	A:G	
44	rs139156950	75050119	0.015	0.015	1.0	100.0	0	0	0.007	C:T	
45	rs12591078	75050854	0.403	0.434	0.1889	100.0	0	0	0.318	C:T	
46	rs11072501	75051008	0.104	0.103	1.0	100.0	0	0	0.054	A:G	
47	rs72728895	75051628	0.03	0.029	1.0	100.0	0	0	0.015	G:A	
48	rs74025834	75051702	0.104	0.103	1.0	100.0	0	0	0.054	T:A	
49	rs74025836	75052032	0.106	0.105	1.0	100.0	0	0	0.056	A:G	
50	rs1350194	75052062	0.037	0.036	1.0	100.0	0	0	0.019	A:T	
51	rs61620875	75052233	0.037	0.036	1.0	100.0	0	0	0.019	C:T	
52	rs12903896	75052495	0.448	0.477	0.2565	100.0	0	0	0.392	T:C	
53	rs11854147	75052771	0.413	0.451	0.116	100.0	0	0	0.343	C:T	
54	rs74025837	75052816	0.03	0.029	1.0	100.0	0	0	0.015	T:C	
55	rs11072502	75052820	0.403	0.434	0.1889	100.0	0	0	0.318	A:G	
56	rs118109237	75052909	0.074	0.076	0.9443	100.0	0	0	0.04	T:C	
57	rs11072504	75052911	0.403	0.434	0.1889	100.0	0	0	0.318	C:T	
58	rs12439187	75052914	0.136	0.135	1.0	100.0	0	0	0.073	T:C	
59	rs11072505	75052935	0.406	0.435	0.2153	100.0	0	0	0.319	G:A	
60	rs11072506	75052994	0.408	0.444	0.1266	100.0	0	0	0.333	G:A	
61	rs74025838	75053010	0.104	0.103	1.0	100.0	0	0	0.054	T:C	
