7	CYP3A5_rs6956305	0	99241310
7	CYP3A5_rs73713580	0	99241610
7	CYP3A5_rs142835381	0	99242476
7	CYP3A5_rs143755003	0	99242833
7	CYP3A5_rs563100905	0	99242834
7	CYP3A5_rs116918906	0	99244859
7	CYP3A5_rs4646458	0	99245013
7	CYP3A5_rs4646457	0	99245080
7	CYP3A5_rs4646456	0	99245275
7	CYP3A5_rs76871422	0	99245373
7	CYP3A5_rs15524	0	99245914
7	CYP3A5_rs28365075	0	99246707
7	CYP3A5_rs10249369	0	99246992
7	CYP3A5_rs28365088	0	99247129
7	CYP3A5_rs10224569	0	99248304
7	CYP3A5_rs58024720	0	99248598
7	CYP3A5_rs41303949	0	99249220
7	CYP3A5_rs6976017	0	99249999
7	CYP3A5_rs28365094	0	99250475
7	CYP3A5_rs12334072	0	99251707
7	CYP3A5_rs12334077	0	99251868
7	CYP3A5_rs113051031	0	99253557
7	CYP3A5_rs10227637	0	99255760
7	CYP3A5_rs181377732	0	99256437
7	CYP3A5_rs7798931	0	99256438
7	CYP3A5_rs7780328	0	99256844
7	CYP3A5_rs1419745	0	99260092
7	CYP3A5_rs61742332	0	99260261
7	CYP3A5_rs4646453	0	99260362
7	CYP3A5_rs28383475	0	99261320
7	CYP3A5_rs28365082	0	99261962
7	CYP3A5_rs2040992	0	99262572
7	CYP3A5_rs10264272	0	99262835
7	CYP3A5_rs41303316	0	99263365
7	CYP3A5_rs80148964	0	99265755
7	CYP3A5_rs4646450	0	99266318
7	CYP3A5_rs4646449	0	99266443
7	CYP3A5_rs138232685	0	99267022
7	CYP3A5_rs34318971	0	99267546
7	CYP3A5_rs76138712	0	99267708
7	CYP3A5_rs150436840	0	99267884
7	CYP3A5_rs4646447	0	99268390
7	CYP3A5_rs6977165	0	99269397
7	CYP3A5_rs117445819	0	99269625
7	CYP3A5_rs8175346	0	99270343
7	CYP3A5_rs776746	0	99270539
7	CYP3A5_rs80218044	0	99271606
7	CYP3A5_rs41258334	0	99271808
7	CYP3A5_rs41301652	0	99272290
7	CYP3A5_rs28365067	0	99272310
7	CYP3A5_rs28383468	0	99273815
7	CYP3A5_rs62471929	0	99274316
7	CYP3A5_rs188129727	0	99274458
7	CYP3A5_rs4646446	0	99275083
7	CYP3A5_rs62471930	0	99275458
7	CYP3A5_rs41300734	0	99275775
7	CYP3A5_rs41300731	0	99275776
7	CYP3A5_rs114522009	0	99276508
7	CYP3A5_rs41300719	0	99277056
7	CYP3A5_rs28371764	0	99277593
7	CYP3A5_rs28365095	0	99277605
7	CYP3A5_rs182116297	0	99277772
7	CYP3A5_rs3823812	0	99278314
7	CYP3A5_rs776741	0	99279136
7	CYP3A5_rs57830676	0	99281363
7	CYP3A5_rs776740	0	99282143
7	CYP3A4_rs12536946	0	99349871
7	CYP3A4_rs117877001	0	99349915
7	CYP3A4_rs72494458	0	99350302
7	CYP3A4_rs117485500	0	99350595
7	CYP3A4_rs28878860	0	99352020
7	CYP3A4_rs185134547	0	99352096
7	CYP3A4_rs60153739	0	99352123
7	CYP3A4_rs59522960	0	99352260
7	CYP3A4_rs35042392	0	99352648
7	CYP3A4_rs150708874	0	99352666
7	CYP3A4_rs139096361	0	99352741
7	CYP3A4_rs3991809	0	99352766
7	CYP3A4_rs2404955	0	99353279
7	CYP3A4_rs59836234	0	99353549
7	CYP3A4_rs12333983	0	99354114
7	CYP3A4_rs28371763	0	99354808
7	CYP3A4_rs28988604	0	99355073
7	CYP3A4_rs3735451	0	99355975
7	CYP3A4_rs28988602	0	99356188
7	CYP3A4_rs28988601	0	99356437
7	CYP3A4_rs28988600	0	99356600
7	CYP3A4_rs187071828	0	99356828
7	CYP3A4_rs6956344	0	99359151
7	CYP3A4_rs12721617	0	99359911
7	CYP3A4_rs4646440	0	99360870
7	CYP3A4_rs2242480	0	99361466
7	CYP3A4_rs10267228	0	99363813
7	CYP3A4_rs28371757	0	99364510
7	CYP3A4_rs4646437	0	99365083
7	CYP3A4_rs2246709	0	99365719
7	CYP3A4_rs2687116	0	99365943
7	CYP3A4_rs35599367	0	99366316
7	CYP3A4_rs28988583	0	99366709
7	CYP3A4_rs12721623	0	99367339
7	CYP3A4_rs28988579	0	99368699
7	CYP3A4_rs74345875	0	99368771
7	CYP3A4_rs2738258	0	99370493
7	CYP3A4_rs2687110	0	99370751
7	CYP3A4_rs12670850	0	99371448
7	CYP3A4_rs2687107	0	99372041
7	CYP3A4_rs2404767	0	99372557
7	CYP3A4_rs144203939	0	99373747
7	CYP3A4_rs148743981	0	99374263
7	CYP3A4_rs34642455	0	99374710
7	CYP3A4_rs147020143	0	99378907
7	CYP3A4_rs145664747	0	99379269
7	CYP3A4_rs28988574	0	99380021
7	CYP3A4_rs6957392	0	99381463
7	CYP3A4_rs2740574	0	99382096
7	CYP3A4_rs11773597	0	99382451
7	CYP3A4_rs1851426	0	99382936
7	CYP3A4_rs73156632	0	99384651
7	CYP3A4_rs2687103	0	99384968
7	CYP3A4_rs148306151	0	99385368
7	CYP3A4_rs2740570	0	99385957
7	CYP3A4_rs148509279	0	99386735
10	CYP2C19_rs61886219	0	96517572
10	CYP2C19_rs111543420	0	96517626
10	CYP2C19_rs150786069	0	96517635
10	CYP2C19_rs112059561	0	96517780
10	CYP2C19_rs7919698	0	96517959
10	CYP2C19_rs151318528	0	96518562
10	CYP2C19_rs74152364	0	96518705
10	CYP2C19_rs78721914	0	96518844
10	CYP2C19_rs11188072	0	96519061
10	CYP2C19_rs78742448	0	96519132
10	CYP2C19_rs78535200	0	96519134
10	CYP2C19_rs4532967	0	96519197
10	CYP2C19_rs77046614	0	96519244
10	CYP2C19_rs77957608	0	96519691
10	CYP2C19_rs77850210	0	96519743
10	CYP2C19_rs75087398	0	96520423
10	CYP2C19_rs3814637	0	96521045
10	CYP2C19_rs11568732	0	96521574
10	CYP2C19_rs12248560	0	96521657
10	CYP2C19_rs4986894	0	96522365
10	CYP2C19_rs17885098	0	96522561
10	CYP2C19_rs7918461	0	96522989
10	CYP2C19_rs10509676	0	96523045
10	CYP2C19_rs12773342	0	96523083
10	CYP2C19_rs17879750	0	96523108
10	CYP2C19_rs17879466	0	96523130
10	CYP2C19_rs17879263	0	96523402
10	CYP2C19_rs138737109	0	96523885
10	CYP2C19_rs113810268	0	96523944
10	CYP2C19_rs58667319	0	96524395
10	CYP2C19_rs111579015	0	96525300
10	CYP2C19_rs12768009	0	96525865
10	CYP2C19_rs35442644	0	96526109
10	CYP2C19_rs112773738	0	96526531
10	CYP2C19_rs143622857	0	96526812
10	CYP2C19_rs11596777	0	96527334
10	CYP2C19_rs59826872	0	96527384
10	CYP2C19_rs35751085	0	96527642
10	CYP2C19_rs139287929	0	96527672
10	CYP2C19_rs11597292	0	96527722
10	CYP2C19_rs57957726	0	96528430
10	CYP2C19_rs116992754	0	96528531
10	CYP2C19_rs12572917	0	96528684
10	CYP2C19_rs71482318	0	96528812
10	CYP2C19_rs182390399	0	96529457
10	CYP2C19_rs117395468	0	96529544
10	CYP2C19_rs61886221	0	96529804
10	CYP2C19_rs112698118	0	96529927
10	CYP2C19_rs75539551	0	96530260
10	CYP2C19_rs146058526	0	96530497
10	CYP2C19_rs4414147	0	96530504
10	CYP2C19_rs112543932	0	96531260
10	CYP2C19_rs150991980	0	96531369
10	CYP2C19_rs146936435	0	96531598
10	CYP2C19_rs111789203	0	96532073
10	CYP2C19_rs143752204	0	96532091
10	CYP2C19_rs4291603	0	96532545
10	CYP2C19_rs4501922	0	96532607
10	CYP2C19_rs61249521	0	96532930
10	CYP2C19_rs112180154	0	96533003
10	CYP2C19_rs4277036	0	96533050
10	CYP2C19_rs112732395	0	96533173
10	CYP2C19_rs144414415	0	96533435
10	CYP2C19_rs76418162	0	96533587
10	CYP2C19_rs60214908	0	96533767
10	CYP2C19_rs192728444	0	96533778
10	CYP2C19_rs55805503	0	96534043
10	CYP2C19_rs17885958	0	96534200
10	CYP2C19_rs17885348	0	96534234
10	CYP2C19_rs6583954	0	96534263
10	CYP2C19_rs17884832	0	96534475
10	CYP2C19_rs7916649	0	96534584
10	CYP2C19_rs17878459	0	96534922
10	CYP2C19_rs12769205	0	96535124
10	CYP2C19_rs17879992	0	96535628
10	CYP2C19_rs4244284	0	96535743
10	CYP2C19_rs4388808	0	96536056
10	CYP2C19_rs17882839	0	96536066
10	CYP2C19_rs12778026	0	96536227
10	CYP2C19_rs7086313	0	96536455
10	CYP2C19_rs7068577	0	96536708
10	CYP2C19_rs58447435	0	96536989
10	CYP2C19_rs4362080	0	96537389
10	CYP2C19_rs142786371	0	96537759
10	CYP2C19_rs61886222	0	96537863
10	CYP2C19_rs78330260	0	96537981
10	CYP2C19_rs7919524	0	96538714
10	CYP2C19_rs17878673	0	96539144
10	CYP2C19_rs4304697	0	96540889
10	CYP2C19_rs7088784	0	96541373
10	CYP2C19_rs4244285	0	96541616
10	CYP2C19_rs12571421	0	96541982
10	CYP2C19_rs67482845	0	96542594
10	CYP2C19_rs116409382	0	96542689
10	CYP2C19_rs139198915	0	96543731
10	CYP2C19_rs80259168	0	96543753
10	CYP2C19_rs35390752	0	96543823
10	CYP2C19_rs192601076	0	96544379
10	CYP2C19_rs7081559	0	96544465
10	CYP2C19_rs7081643	0	96544727
10	CYP2C19_rs75374791	0	96544815
10	CYP2C19_rs57584668	0	96544980
10	CYP2C19_rs76199251	0	96545063
10	CYP2C19_rs79103432	0	96545475
10	CYP2C19_rs113089853	0	96545632
10	CYP2C19_rs12247175	0	96545738
10	CYP2C19_rs56358710	0	96545972
10	CYP2C19_rs77419080	0	96546020
10	CYP2C19_rs77921213	0	96546246
10	CYP2C19_rs141387690	0	96546304
10	CYP2C19_rs74636383	0	96546697
10	CYP2C19_rs187478993	0	96546820
10	CYP2C19_rs75580262	0	96547203
10	CYP2C19_rs61153799	0	96547356
10	CYP2C19_rs12767583	0	96547463
10	CYP2C19_rs112573749	0	96547736
10	CYP2C19_rs141491985	0	96548008
10	CYP2C19_rs67120915	0	96548316
10	CYP2C19_rs57822910	0	96548490
10	CYP2C19_rs148879826	0	96549195
10	CYP2C19_rs78397134	0	96549486
10	CYP2C19_rs148214119	0	96549859
10	CYP2C19_rs9663112	0	96550077
10	CYP2C19_rs117220555	0	96550239
10	CYP2C19_rs145340760	0	96550919
10	CYP2C19_rs77739805	0	96550994
10	CYP2C19_rs7076898	0	96551090
10	CYP2C19_rs7077029	0	96551092
10	CYP2C19_rs112263145	0	96551216
10	CYP2C19_rs145364562	0	96551252
10	CYP2C19_rs149247378	0	96551811
10	CYP2C19_rs183590790	0	96552187
10	CYP2C19_rs77819408	0	96552188
10	CYP2C19_rs12268235	0	96552309
10	CYP2C19_rs77120885	0	96552327
10	CYP2C19_rs58349349	0	96553499
10	CYP2C19_rs117381226	0	96553520
10	CYP2C19_rs113641915	0	96553577
10	CYP2C19_rs111853758	0	96553689
10	CYP2C19_rs191991016	0	96553753
10	CYP2C19_rs57079861	0	96553758
10	CYP2C19_rs117716164	0	96553918
10	CYP2C19_rs9663214	0	96554049
10	CYP2C19_rs9664361	0	96554288
10	CYP2C19_rs112038911	0	96554771
10	CYP2C19_rs11498699	0	96555061
10	CYP2C19_rs11498522	0	96555243
10	CYP2C19_rs144376681	0	96555316
10	CYP2C19_rs112528458	0	96555447
10	CYP2C19_rs11498523	0	96555589
10	CYP2C19_rs182861936	0	96555699
10	CYP2C19_rs139619180	0	96556316
10	CYP2C19_rs113036428	0	96556671
10	CYP2C19_rs11498700	0	96556854
10	CYP2C19_rs183102260	0	96557049
10	CYP2C19_rs116855710	0	96557212
10	CYP2C19_rs9630086	0	96558279
10	CYP2C19_rs150778851	0	96560399
10	CYP2C19_rs111811818	0	96560440
10	CYP2C19_rs78497745	0	96560487
10	CYP2C19_rs77460358	0	96560618
10	CYP2C19_rs79187906	0	96560695
10	CYP2C19_rs75254631	0	96560911
10	CYP2C19_rs56229007	0	96561036
10	CYP2C19_rs141932959	0	96561181
10	CYP2C19_rs7911008	0	96561525
10	CYP2C19_rs113546720	0	96561988
10	CYP2C19_rs113684911	0	96562482
10	CYP2C19_rs4494250	0	96563757
10	CYP2C19_rs111892895	0	96564495
10	CYP2C19_rs2104161	0	96564572
10	CYP2C19_rs78779059	0	96565151
10	CYP2C19_rs112790223	0	96565410
10	CYP2C19_rs72816679	0	96565651
10	CYP2C19_rs142937628	0	96566093
10	CYP2C19_rs34121168	0	96566413
10	CYP2C19_rs75665761	0	96566612
10	CYP2C19_rs74804603	0	96566698
10	CYP2C19_rs77635509	0	96566779
10	CYP2C19_rs12772672	0	96566889
10	CYP2C19_rs116686766	0	96567073
10	CYP2C19_rs4641393	0	96567386
10	CYP2C19_rs148920364	0	96567858
10	CYP2C19_rs11597811	0	96568926
10	CYP2C19_rs12763180	0	96569088
10	CYP2C19_rs7091883	0	96569453
10	CYP2C19_rs2224566	0	96569489
10	CYP2C19_rs112859410	0	96569827
10	CYP2C19_rs35476215	0	96569929
10	CYP2C19_rs185950337	0	96569933
10	CYP2C19_rs143814980	0	96570139
10	CYP2C19_rs113018075	0	96570501
10	CYP2C19_rs184377978	0	96570509
10	CYP2C19_rs71482319	0	96570562
10	CYP2C19_rs143567781	0	96570838
10	CYP2C19_rs112616341	0	96571199
10	CYP2C19_rs12572085	0	96571931
10	CYP2C19_rs79188926	0	96573027
10	CYP2C19_rs113153908	0	96573396
10	CYP2C19_rs138056307	0	96573948
10	CYP2C19_rs1853205	0	96575069
10	CYP2C19_rs1322179	0	96575242
10	CYP2C19_rs74152369	0	96575280
10	CYP2C19_rs10509677	0	96576110
10	CYP2C19_rs10509678	0	96576190
10	CYP2C19_rs147888698	0	96576314
10	CYP2C19_rs28399511	0	96580140
10	CYP2C19_rs4417205	0	96580202
10	CYP2C19_rs10786172	0	96581094
10	CYP2C19_rs12253253	0	96582156
10	CYP2C19_rs118076754	0	96582311
10	CYP2C19_rs75280500	0	96582914
10	CYP2C19_rs78373452	0	96587547
10	CYP2C19_rs4445573	0	96590068
10	CYP2C19_10:96590086_C_A	0	96590086
10	CYP2C19_rs117271207	0	96590973
10	CYP2C19_rs145077708	0	96591268
10	CYP2C19_rs4917612	0	96591284
10	CYP2C19_rs112871075	0	96591363
10	CYP2C19_rs151153167	0	96591544
10	CYP2C19_rs11188090	0	96592144
10	CYP2C19_rs12258243	0	96593219
10	CYP2C19_rs147584454	0	96593469
10	CYP2C19_rs187833913	0	96593544
10	CYP2C19_rs112446755	0	96593816
10	CYP2C19_rs112030001	0	96594297
10	CYP2C19_rs11188091	0	96594690
10	CYP2C19_rs111406687	0	96594700
10	CYP2C19_rs184357973	0	96595380
10	CYP2C19_rs181597776	0	96596152
10	CYP2C19_rs10882498	0	96596165
10	CYP2C19_rs112151434	0	96596436
10	CYP2C19_rs111732980	0	96596641
10	CYP2C19_rs142070501	0	96596750
10	CYP2C19_rs117957417	0	96597621
10	CYP2C19_rs11188092	0	96597751
10	CYP2C19_rs112194017	0	96598316
10	CYP2C19_rs11528090	0	96598439
10	CYP2C19_rs74154112	0	96598815
10	CYP2C19_rs145579924	0	96598893
10	CYP2C19_rs7911654	0	96599277
10	CYP2C19_rs117282042	0	96599485
10	CYP2C19_rs7915414	0	96599510
10	CYP2C19_rs11498525	0	96599673
10	CYP2C19_rs11188093	0	96599689
10	CYP2C19_rs77044967	0	96599761
10	CYP2C19_rs146630622	0	96600123
10	CYP2C19_rs12775283	0	96600655
10	CYP2C19_rs12416196	0	96600732
10	CYP2C19_rs117756203	0	96601144
10	CYP2C19_rs78259677	0	96601761
10	CYP2C19_rs66883721	0	96601794
10	CYP2C19_rs72816684	0	96601920
10	CYP2C19_rs28399513	0	96602398
10	CYP2C19_rs3758580	0	96602622
10	CYP2C19_rs3758581	0	96602623
10	CYP2C19_rs78431362	0	96603091
10	CYP2C19_rs11592737	0	96603414
10	CYP2C19_rs78609324	0	96603745
10	CYP2C19_rs11597626	0	96604273
10	CYP2C19_rs1555474	0	96605327
10	CYP2C19_rs145068433	0	96607367
10	CYP2C19_rs188972006	0	96607426
10	CYP2C19_rs1322181	0	96609064
10	CYP2C19_rs12098606	0	96609094
10	CYP2C19_rs17882222	0	96609473
10	CYP2C19_rs4917623	0	96609568
10	CYP2C19_rs17885052	0	96610082
10	CYP2C19_rs17878627	0	96610628
10	CYP2C19_rs17878382	0	96610631
10	CYP2C19_rs141019273	0	96611102
10	CYP2C19_rs76828799	0	96611177
10	CYP2C19_rs35739901	0	96611628
10	CYP2C19_rs4617515	0	96611834
10	CYP2C19_rs12779363	0	96612040
10	CYP2C19_rs12268020	0	96612371
10	CYP2C19_rs35709381	0	96614725
10	CYP2C19_rs143373537	0	96615505
10	CYP2C19_rs11593065	0	96615924
10	CYP2C19_rs4918690	0	96616103
10	CYP2C19_rs144234631	0	96616182
10	CYP2C19_rs7084717	0	96616417
10	CYP2C19_rs12766227	0	96617031
10	CYP2C19_rs148447355	0	96617863
10	CYP2C19_rs117050392	0	96618218
10	CYP2C19_rs77192008	0	96618503
10	CYP2C19_rs3862008	0	96619002
10	CYP2C19_rs3862009	0	96619025
10	CYP2C19_rs733115	0	96619086
10	CYP2C19_rs112163243	0	96619112
10	CYP2C19_rs1853211	0	96619231
10	CYP2C19_rs151115398	0	96619636
10	CYP2C19_rs75182741	0	96620304
10	CYP2C9_rs78441737	0	96693563
10	CYP2C9_rs12251688	0	96693727
10	CYP2C9_rs12251841	0	96694138
10	CYP2C9_rs75794524	0	96694591
10	CYP2C9_rs61886768	0	96694843
10	CYP2C9_rs78264032	0	96694861
10	CYP2C9_rs61886769	0	96695080
10	CYP2C9_rs12782374	0	96695351
10	CYP2C9_rs9332092	0	96696529
10	CYP2C9_rs9332093	0	96696555
10	CYP2C9_rs61604699	0	96696903
10	CYP2C9_rs4918758	0	96697252
10	CYP2C9_rs4917636	0	96697344
10	CYP2C9_rs9332098	0	96697459
10	CYP2C9_rs9332100	0	96697820
10	CYP2C9_rs9332101	0	96697955
10	CYP2C9_rs9332102	0	96697956
10	CYP2C9_rs9332104	0	96698690
10	CYP2C9_rs9332105	0	96698925
10	CYP2C9_rs75645849	0	96698970
10	CYP2C9_rs12785201	0	96699444
10	CYP2C9_rs147235175	0	96699512
10	CYP2C9_rs111691688	0	96699682
10	CYP2C9_rs12264083	0	96699683
10	CYP2C9_rs9332107	0	96699789
10	CYP2C9_rs9332108	0	96699980
10	CYP2C9_rs9332113	0	96700402
10	CYP2C9_rs2253635	0	96700537
10	CYP2C9_rs12772884	0	96700630
10	CYP2C9_rs9332117	0	96701077
10	CYP2C9_rs9332119	0	96701601
10	CYP2C9_rs9332120	0	96701850
10	CYP2C9_rs1799853	0	96702047
10	CYP2C9_rs2860905	0	96702295
10	CYP2C9_rs28371675	0	96702337
10	CYP2C9_rs28371676	0	96702363
10	CYP2C9_rs28371677	0	96702472
10	CYP2C9_rs28371678	0	96702552
10	CYP2C9_rs41291560	0	96702556
10	CYP2C9_rs28371682	0	96703109
10	CYP2C9_rs12572351	0	96703220
10	CYP2C9_rs12572588	0	96703491
10	CYP2C9_rs113701839	0	96704101
10	CYP2C9_rs187345551	0	96704203
10	CYP2C9_rs2860906	0	96704576
10	CYP2C9_rs113348400	0	96704918
10	CYP2C9_rs112689422	0	96704993
10	CYP2C9_rs7089580	0	96705223
10	CYP2C9_rs139222355	0	96705891
10	CYP2C9_rs74963911	0	96706316
10	CYP2C9_rs12772675	0	96706409
10	CYP2C9_rs4086116	0	96707202
10	CYP2C9_rs17443251	0	96707890
10	CYP2C9_rs10509679	0	96708226
10	CYP2C9_rs9332132	0	96709226
10	CYP2C9_rs111598382	0	96709877
10	CYP2C9_rs2984310	0	96709993
10	CYP2C9_rs34532201	0	96710164
10	CYP2C9_rs7083767	0	96710725
10	CYP2C9_rs145133908	0	96710864
10	CYP2C9_rs549067954	0	96711224
10	CYP2C9_rs61886771	0	96711445
10	CYP2C9_rs141216545	0	96711565
10	CYP2C9_rs111309918	0	96711706
10	CYP2C9_rs4918766	0	96711884
10	CYP2C9_rs35511771	0	96712143
10	CYP2C9_rs2475376	0	96712400
10	CYP2C9_rs2487502	0	96712899
10	CYP2C9_rs9332137	0	96712978
10	CYP2C9_rs61886773	0	96713344
10	CYP2C9_rs74803483	0	96713372
10	CYP2C9_rs2860968	0	96713581
10	CYP2C9_rs78831378	0	96713686
10	CYP2C9_rs1578438	0	96713760
10	CYP2C9_rs74996264	0	96713995
10	CYP2C9_rs143906424	0	96714030
10	CYP2C9_rs79534252	0	96714207
10	CYP2C9_rs79800397	0	96714425
10	CYP2C9_rs113003580	0	96715585
10	CYP2C9_rs79748969	0	96715671
10	CYP2C9_rs140142311	0	96715715
10	CYP2C9_rs112978985	0	96716374
10	CYP2C9_rs184649601	0	96716406
10	CYP2C9_rs12247980	0	96716614
10	CYP2C9_rs147814833	0	96717033
10	CYP2C9_rs73316704	0	96717379
10	CYP2C9_rs12769684	0	96717478
10	CYP2C9_rs142177177	0	96717866
10	CYP2C9_rs146390284	0	96718010
10	CYP2C9_rs35687798	0	96718213
10	CYP2C9_rs61886778	0	96718308
10	CYP2C9_rs111524896	0	96718389
10	CYP2C9_rs113284703	0	96718609
10	CYP2C9_rs149794046	0	96718786
10	CYP2C9_rs35626865	0	96718794
10	CYP2C9_rs12252334	0	96718809
10	CYP2C9_rs181227778	0	96718815
10	CYP2C9_rs187034310	0	96719151
10	CYP2C9_rs2487501	0	96719188
10	CYP2C9_rs137904210	0	96719221
10	CYP2C9_rs2487500	0	96719476
10	CYP2C9_rs111667734	0	96719521
10	CYP2C9_rs12268897	0	96719827
10	CYP2C9_rs74494115	0	96719845
10	CYP2C9_rs80159642	0	96719846
10	CYP2C9_rs2096069	0	96720032
10	CYP2C9_rs35406621	0	96720051
10	CYP2C9_rs111767681	0	96720169
10	CYP2C9_rs12783288	0	96720171
10	CYP2C9_rs12262254	0	96720262
10	CYP2C9_rs7897079	0	96720518
10	CYP2C9_rs147481154	0	96720561
10	CYP2C9_rs55804705	0	96720614
10	CYP2C9_rs34231123	0	96720981
10	CYP2C9_rs7073165	0	96721107
10	CYP2C9_rs1200314	0	96721143
10	CYP2C9_rs61886796	0	96721181
10	CYP2C9_rs61886797	0	96721190
10	CYP2C9_rs9332140	0	96721607
10	CYP2C9_rs9332141	0	96721662
10	CYP2C9_rs1200313	0	96722059
10	CYP2C9_rs9332147	0	96722552
10	CYP2C9_rs9332150	0	96722778
10	CYP2C9_rs111293567	0	96722841
10	CYP2C9_rs9332151	0	96722921
10	CYP2C9_rs150270219	0	96723135
10	CYP2C9_rs2153628	0	96723424
10	CYP2C9_rs117947685	0	96723788
10	CYP2C9_rs9332155	0	96723996
10	CYP2C9_rs1341161	0	96724061
10	CYP2C9_rs9332157	0	96724115
10	CYP2C9_rs1934959	0	96724170
10	CYP2C9_rs9332160	0	96724395
10	CYP2C9_rs9332163	0	96724838
10	CYP2C9_rs76074552	0	96725037
10	CYP2C9_rs117041238	0	96725429
10	CYP2C9_rs4917639	0	96725535
10	CYP2C9_rs35126593	0	96725811
10	CYP2C9_rs151311764	0	96726746
10	CYP2C9_rs12572071	0	96726897
10	CYP2C9_rs147118402	0	96727038
10	CYP2C9_rs12569850	0	96727160
10	CYP2C9_rs138281832	0	96727403
10	CYP2C9_rs140184390	0	96728015
10	CYP2C9_rs9332166	0	96731198
10	CYP2C9_rs9332167	0	96731214
10	CYP2C9_rs9332168	0	96731292
10	CYP2C9_rs9332169	0	96731310
10	CYP2C9_rs9332172	0	96731788
10	CYP2C9_rs9332174	0	96732097
10	CYP2C9_rs4351748	0	96732331
10	CYP2C9_rs9332175	0	96732484
10	CYP2C9_rs17110288	0	96732599
10	CYP2C9_rs1856908	0	96732731
10	CYP2C9_rs184535153	0	96733332
10	CYP2C9_rs1934960	0	96733537
10	CYP2C9_rs73319706	0	96733587
10	CYP2C9_rs113114298	0	96733596
10	CYP2C9_rs56044736	0	96733970
10	CYP2C9_rs10509680	0	96734339
10	CYP2C9_rs77467078	0	96734466
10	CYP2C9_rs9325473	0	96734582
10	CYP2C9_rs1934963	0	96734676
10	CYP2C9_rs9332177	0	96734790
10	CYP2C9_rs191204015	0	96734807
10	CYP2C9_rs78144779	0	96735342
10	CYP2C9_rs143706843	0	96735433
10	CYP2C9_rs9332179	0	96735730
10	CYP2C9_rs72818642	0	96736051
10	CYP2C9_rs9332183	0	96736184
10	CYP2C9_rs9332184	0	96736514
10	CYP2C9_rs190872827	0	96737071
10	CYP2C9_rs9332187	0	96737177
10	CYP2C9_rs9332188	0	96737210
10	CYP2C9_rs1934964	0	96737371
10	CYP2C9_rs76905088	0	96737791
10	CYP2C9_rs1934965	0	96737935
10	CYP2C9_rs4917641	0	96738041
10	CYP2C9_rs1934966	0	96738892
10	CYP2C9_rs35144931	0	96739382
10	CYP2C9_rs9332194	0	96740168
10	CYP2C9_rs115510289	0	96740282
10	CYP2C9_rs9332197	0	96740908
10	CYP2C9_rs1057910	0	96741053
10	CYP2C9_rs1934967	0	96741426
10	CYP2C9_rs2153629	0	96741795
10	CYP2C9_rs1934968	0	96741817
10	CYP2C9_rs536401148	0	96742290
10	CYP2C9_rs9332211	0	96742737
10	CYP2C9_rs9332212	0	96742750
10	CYP2C9_rs9332214	0	96743108
10	CYP2C9_rs9332216	0	96743174
10	CYP2C9_rs9332217	0	96743228
10	CYP2C9_rs139876372	0	96743897
10	CYP2C9_rs9332220	0	96743943
10	CYP2C9_rs9332222	0	96744064
10	CYP2C9_rs77582920	0	96744890
10	CYP2C9_rs61886802	0	96745069
10	CYP2C9_rs9332227	0	96745180
10	CYP2C9_rs9332230	0	96745984
10	CYP2C9_rs2298037	0	96746078
10	CYP2C9_rs76076565	0	96747206
10	CYP2C9_rs75788106	0	96747240
10	CYP2C9_rs4918795	0	96747527
10	CYP2C9_rs9332235	0	96747905
10	CYP2C9_rs9332238	0	96748492
10	CYP2C9_rs1934969	0	96748495
10	CYP2C9_rs1057911	0	96748737
10	CYP2C9_rs9332242	0	96748893
10	CYP2C9_rs9332245	0	96749181
10	CYP2C9_rs142997475	0	96749456
10	CYP2C9_rs112428369	0	96749620
10	CYP2C9_rs3740504	0	96749650
10	CYP2C9_rs3740505	0	96749721
10	CYP2C9_rs61886804	0	96749936
10	CYP2C9_rs34416068	0	96750182
10	CYP2C9_rs4918797	0	96750251
10	CYP2C9_rs4918798	0	96750543
10	CYP2C9_rs28969381	0	96750614
10	CYP2C9_rs113615867	0	96750694
10	CYP2C9_rs1505	0	96750759
10	CYP2C9_rs80045961	0	96750866
10	CYP2C9_rs2185570	0	96751270
10	CYP2C9_rs61886805	0	96752148
10	CYP2C9_rs4607998	0	96752923
10	CYP2C9_rs111595519	0	96752967
10	CYP2C9_rs112841731	0	96753645
10	CYP2C9_rs7903917	0	96753819
10	CYP2C9_rs77224917	0	96753828
10	CYP2C9_rs74505001	0	96753908
10	CYP2C9_rs112889338	0	96754246
10	CYP2C9_rs113465546	0	96754259
10	CYP2C9_rs112516242	0	96754368
10	CYP2C9_rs35446233	0	96754465
10	CYP2C9_rs67892147	0	96754656
15	CYP1A2_rs147291782	0	75036594
15	CYP1A2_rs192675765	0	75037049
15	CYP1A2_rs547728303	0	75037109
15	CYP1A2_rs150899357	0	75037237
15	CYP1A2_rs61164848	0	75037612
15	CYP1A2_rs75144432	0	75037720
15	CYP1A2_rs2069512	0	75038190
15	CYP1A2_rs2069513	0	75038191
15	CYP1A2_rs2069514	0	75038220
15	CYP1A2_rs2069519	0	75038482
15	CYP1A2_rs2069520	0	75038486
15	CYP1A2_rs2069521	0	75038967
15	CYP1A2_rs2069522	0	75039233
15	CYP1A2_rs140332080	0	75039922
15	CYP1A2_rs2069524	0	75040276
15	CYP1A2_rs2069525	0	75040372
15	CYP1A2_rs140904510	0	75040504
15	CYP1A2_rs2069526	0	75041341
15	CYP1A2_rs190560674	0	75041522
15	CYP1A2_rs762551	0	75041917
15	CYP1A2_rs4646425	0	75043281
15	CYP1A2_rs34264399	0	75043431
15	CYP1A2_rs45468096	0	75043539
15	CYP1A2_rs28399419	0	75043669
15	CYP1A2_rs2472304	0	75044238
15	CYP1A2_rs3743484	0	75044400
15	CYP1A2_rs148677056	0	75044419
15	CYP1A2_rs55711332	0	75045207
15	CYP1A2_rs4646427	0	75045692
15	CYP1A2_rs12593808	0	75046677
15	CYP1A2_rs28399423	0	75047089
15	CYP1A2_rs2470890	0	75047426
15	CYP1A2_rs11636419	0	75047600
15	CYP1A2_rs200921613	0	75048607
15	CYP1A2_rs17861162	0	75048753
15	CYP1A2_rs2960192	0	75049943
15	CYP1A2_rs139156950	0	75050119
15	CYP1A2_rs74473900	0	75050150
15	CYP1A2_rs12591078	0	75050854
15	CYP1A2_rs11072501	0	75051008
15	CYP1A2_rs72728895	0	75051628
15	CYP1A2_rs74025834	0	75051702
15	CYP1A2_rs74025836	0	75052032
15	CYP1A2_rs1350194	0	75052062
15	CYP1A2_rs61620875	0	75052233
15	CYP1A2_rs12903896	0	75052495
15	CYP1A2_rs11854147	0	75052771
15	CYP1A2_rs74025837	0	75052816
15	CYP1A2_rs11072502	0	75052820
15	CYP1A2_rs118109237	0	75052909
15	CYP1A2_rs11072504	0	75052911
15	CYP1A2_rs12439187	0	75052914
15	CYP1A2_rs11072505	0	75052935
15	CYP1A2_15:75052979_T_A	0	75052979
15	CYP1A2_rs11072506	0	75052994
15	CYP1A2_rs74025838	0	75053010
19	CYP2B6_rs60923425	0	41492530
19	CYP2B6_rs7257854	0	41492677
19	CYP2B6_rs35659050	0	41493603
19	CYP2B6_rs150536111	0	41493721
19	CYP2B6_rs139456117	0	41493931
19	CYP2B6_rs114836937	0	41493984
19	CYP2B6_rs79436912	0	41494151
19	CYP2B6_rs140520740	0	41494576
19	CYP2B6_rs149080647	0	41494747
19	CYP2B6_rs7254579	0	41494891
19	CYP2B6_rs139512553	0	41495363
19	CYP2B6_rs3760657	0	41495433
19	CYP2B6_19:41495633_C_T	0	41495633
19	CYP2B6_rs111930595	0	41495722
19	CYP2B6_rs2054675	0	41495755
19	CYP2B6_rs4802100	0	41496025
19	CYP2B6_rs147862019	0	41496410
19	CYP2B6_rs12721653	0	41496454
19	CYP2B6_rs4802101	0	41496461
19	CYP2B6_rs559553896	0	41496620
19	CYP2B6_rs34223104	0	41497129
19	CYP2B6_rs34883432	0	41497272
19	CYP2B6_rs8192709	0	41497274
19	CYP2B6_rs28739581	0	41497575
19	CYP2B6_rs116548898	0	41497601
19	CYP2B6_rs1872122	0	41497997
19	CYP2B6_rs2099361	0	41498348
19	CYP2B6_rs35149696	0	41498493
19	CYP2B6_rs35950631	0	41498591
19	CYP2B6_rs150651255	0	41498677
19	CYP2B6_rs117875279	0	41498715
19	CYP2B6_rs6508963	0	41498733
19	CYP2B6_rs16974790	0	41498946
19	CYP2B6_rs73933721	0	41499028
19	CYP2B6_rs16974794	0	41499094
19	CYP2B6_rs73559241	0	41499193
19	CYP2B6_rs77654948	0	41499862
19	CYP2B6_rs2014141	0	41499989
19	CYP2B6_rs16974703	0	41500049
19	CYP2B6_rs8192711	0	41500057
19	CYP2B6_rs115944946	0	41500177
19	CYP2B6_rs8100458	0	41500213
19	CYP2B6_rs8192712	0	41500300
19	CYP2B6_rs4803415	0	41500593
19	CYP2B6_rs16974796	0	41500915
19	CYP2B6_rs117398851	0	41501121
19	CYP2B6_rs143276579	0	41501256
19	CYP2B6_rs59243457	0	41501303
19	CYP2B6_rs60618718	0	41501540
19	CYP2B6_rs1872123	0	41501659
19	CYP2B6_rs1872124	0	41501660
19	CYP2B6_rs1872125	0	41501716
19	CYP2B6_rs147449932	0	41502062
19	CYP2B6_rs8101756	0	41502522
19	CYP2B6_rs145504530	0	41502591
19	CYP2B6_rs6508964	0	41502602
19	CYP2B6_rs8104022	0	41502834
19	CYP2B6_rs10409285	0	41502970
19	CYP2B6_rs4803416	0	41503022
19	CYP2B6_rs4802103	0	41503245
19	CYP2B6_rs62109048	0	41503257
19	CYP2B6_rs116960502	0	41503270
19	CYP2B6_19:41503404_A_C	0	41503404
19	CYP2B6_rs7251624	0	41503447
19	CYP2B6_rs7250745	0	41503460
19	CYP2B6_rs7250873	0	41503622
19	CYP2B6_rs7250991	0	41503708
19	CYP2B6_rs16974799	0	41504077
19	CYP2B6_rs79472458	0	41504171
19	CYP2B6_rs62109049	0	41504249
19	CYP2B6_rs57843722	0	41504394
19	CYP2B6_rs11880631	0	41505467
19	CYP2B6_rs34801721	0	41505526
19	CYP2B6_rs139309628	0	41505621
19	CYP2B6_rs2873265	0	41505653
19	CYP2B6_rs2873264	0	41505708
19	CYP2B6_rs74833194	0	41505900
19	CYP2B6_rs3786547	0	41506191
19	CYP2B6_rs2200237	0	41506665
19	CYP2B6_rs118105452	0	41506734
19	CYP2B6_rs11881991	0	41506964
19	CYP2B6_rs111994957	0	41507005
19	CYP2B6_rs145964215	0	41507057
19	CYP2B6_rs34353716	0	41507506
19	CYP2B6_rs4803417	0	41508020
19	CYP2B6_rs10500282	0	41508442
19	CYP2B6_rs11672911	0	41508744
19	CYP2B6_rs1987236	0	41509033
19	CYP2B6_rs35490259	0	41509172
19	CYP2B6_rs151303627	0	41509205
19	CYP2B6_rs10403955	0	41509438
19	CYP2B6_rs2279341	0	41509950
19	CYP2B6_rs2279342	0	41510127
19	CYP2B6_rs33912321	0	41510636
19	CYP2B6_rs1872121	0	41510662
19	CYP2B6_rs115994486	0	41511306
19	CYP2B6_rs55884100	0	41511406
19	CYP2B6_rs141553083	0	41511407
19	CYP2B6_rs60766920	0	41511412
19	CYP2B6_rs138409398	0	41511421
19	CYP2B6_rs142985643	0	41511451
19	CYP2B6_rs10417572	0	41511461
19	CYP2B6_rs144654117	0	41511667
19	CYP2B6_rs4803418	0	41511803
19	CYP2B6_rs12985017	0	41512377
19	CYP2B6_rs12985269	0	41512415
19	CYP2B6_rs28399486	0	41512500
19	CYP2B6_rs4803419	0	41512792
19	CYP2B6_rs3745274	0	41512841
19	CYP2B6_rs78313984	0	41513385
19	CYP2B6_rs75446511	0	41513445
19	CYP2B6_rs7257042	0	41513613
19	CYP2B6_rs111688353	0	41513886
19	CYP2B6_rs7260538	0	41514040
19	CYP2B6_rs191267868	0	41514066
19	CYP2B6_rs10401737	0	41514423
19	CYP2B6_rs35554011	0	41514439
19	CYP2B6_rs181108567	0	41514880
19	CYP2B6_rs58425034	0	41514965
19	CYP2B6_rs12721646	0	41515107
19	CYP2B6_rs2279343	0	41515263
19	CYP2B6_rs2279344	0	41515483
19	CYP2B6_rs79478319	0	41515649
19	CYP2B6_rs2279345	0	41515702
19	CYP2B6_rs8192718	0	41515814
19	CYP2B6_rs12721649	0	41515837
19	CYP2B6_rs2306606	0	41516182
19	CYP2B6_rs60549239	0	41516307
19	CYP2B6_rs34906003	0	41516349
19	CYP2B6_rs34842746	0	41516446
19	CYP2B6_rs11882424	0	41516722
19	CYP2B6_rs144057168	0	41517349
19	CYP2B6_rs35679971	0	41517473
19	CYP2B6_rs6508965	0	41517688
19	CYP2B6_rs35323827	0	41517857
19	CYP2B6_rs6508966	0	41518007
19	CYP2B6_rs7246456	0	41518078
19	CYP2B6_rs12721656	0	41518413
19	CYP2B6_rs8192719	0	41518773
19	CYP2B6_rs34116594	0	41518873
19	CYP2B6_rs34677607	0	41518897
19	CYP2B6_rs36118214	0	41519306
19	CYP2B6_rs33967301	0	41519568
19	CYP2B6_rs11671243	0	41519715
19	CYP2B6_rs35506180	0	41519939
19	CYP2B6_rs11882450	0	41520142
19	CYP2B6_rs7255561	0	41520297
19	CYP2B6_rs7255374	0	41520351
19	CYP2B6_rs145533669	0	41520684
19	CYP2B6_rs11673270	0	41520844
19	CYP2B6_rs35295514	0	41521133
19	CYP2B6_rs4802104	0	41521527
19	CYP2B6_rs7259965	0	41521532
19	CYP2B6_rs7260329	0	41521638
19	CYP2B6_rs10853744	0	41521939
19	CYP2B6_rs8109848	0	41522069
19	CYP2B6_rs71337576	0	41522338
19	CYP2B6_rs140868874	0	41522382
19	CYP2B6_rs2291287	0	41522451
19	CYP2B6_rs3181842	0	41523016
19	CYP2B6_rs35764087	0	41523105
19	CYP2B6_rs185153760	0	41523154
19	CYP2B6_rs7260525	0	41523254
19	CYP2B6_rs7246465	0	41523303
19	CYP2B6_rs4803420	0	41523560
19	CYP2B6_rs28969420	0	41523804
19	CYP2B6_rs1038376	0	41524009
19	CYP2B6_rs707265	0	41524087
19	CYP2B6_rs1042389	0	41524153
19	CYP2B6_rs56777936	0	41525369
19	CYP2B6_rs1552219	0	41525374
19	CYP2B6_rs58312733	0	41525407
19	CYP2B6_rs61073883	0	41525410
19	CYP2B6_rs36002231	0	41525440
19	CYP2B6_rs34299754	0	41525443
19	CYP2B6_rs1552220	0	41525655
19	CYP2B6_rs1552221	0	41525657
19	CYP2B6_rs1552222	0	41525904
19	CYP2B6_rs1552223	0	41525952
19	CYP2B6_rs145914604	0	41526007
19	CYP2B6_rs35131519	0	41526144
19	CYP2B6_rs77484259	0	41526238
19	CYP2B6_rs10423004	0	41526239
19	CYP2B6_rs73559297	0	41526433
19	CYP2B6_rs58380651	0	41526659
19	CYP2B6_rs2086785	0	41527085
19	CYP2B6_rs2200238	0	41527265
19	CYP2B6_rs73039224	0	41527275
19	CYP2B6_rs2200239	0	41527584
19	CYP2B6_rs148422410	0	41527637
19	CYP2B6_rs35246205	0	41527798
19	CYP2B6_rs140829872	0	41527829
19	CYP2B6_rs146647413	0	41527985
19	CYP2B6_rs141436560	0	41527992
19	CYP2B6_rs732738	0	41528206
19	CYP2B6_rs2113103	0	41528667
19	CYP2B6_rs71358957	0	41528800
19	CYP2B6_rs7255904	0	41529020
19	CYP2B6_rs114823101	0	41529138
22	CYP2D6_rs5758587	0	42517636
22	CYP2D6_rs6002625	0	42517689
22	CYP2D6_rs5751222	0	42517922
22	CYP2D6_rs6002626	0	42517989
22	CYP2D6_rs645625	0	42518078
22	CYP2D6_rs5758589	0	42518382
22	CYP2D6_rs764481	0	42518426
22	CYP2D6_rs34385013	0	42521929
22	CYP2D6_rs4078247	0	42521985
22	CYP2D6_rs35028622	0	42522074
22	CYP2D6_rs116390392	0	42522312
22	CYP2D6_rs28371738	0	42522392
22	CYP2D6_rs1135840	0	42522613
22	CYP2D6_rs28371729	0	42523358
22	CYP2D6_rs1058172	0	42523528
22	CYP2D6_rs28371725	0	42523805
22	CYP2D6_rs16947	0	42523943
22	CYP2D6_rs28371717	0	42524310
22	CYP2D6_rs58440431	0	42524696
22	CYP2D6_rs139779104	0	42524817
22	CYP2D6_rs3892097	0	42524947
22	CYP2D6_rs78482768	0	42525089
22	CYP2D6_rs189736703	0	42525500
22	CYP2D6_rs267608277	0	42525547
22	CYP2D6_rs1081004	0	42525625
22	CYP2D6_rs1081003	0	42525756
22	CYP2D6_rs1065852	0	42526694
22	CYP2D6_rs769258	0	42526763
22	CYP2D6_rs72549358	0	42526775
22	CYP2D6_rs1080992	0	42527158
22	CYP2D6_rs28624811	0	42527533
22	CYP2D6_rs1080989	0	42527793
22	CYP2D6_rs28588594	0	42528224
22	CYP2D6_rs1080985	0	42528382
22	CYP2D6_rs1080983	0	42528568
22	CYP2D6_rs28680494	0	42528851
22	CYP2D6_rs28439297	0	42528858
22	CYP2D6_rs28360521	0	42528976
22	CYP2D6_rs138419008	0	42529176
22	CYP2D6_rs28568508	0	42529219
22	CYP2D6_rs28566059	0	42529321
22	CYP2D6_rs114585373	0	42529337
22	CYP2D6_rs118017929	0	42529366
22	CYP2D6_rs28542726	0	42529407
22	CYP2D6_rs28369142	0	42529540
22	CYP2D6_rs28842514	0	42529930
22	CYP2D6_rs28641480	0	42530640
22	CYP2D6_rs28579115	0	42530826
22	CYP2D6_rs144675432	0	42531020
22	CYP2D6_rs28670611	0	42531210
